101000111
110000011
101110000
110110010
010110001
010110111
001001110
010110111
001101110
010110111
001100110
010110111
001010110
100010100
101011110
101110111
110110011
110110011
010110000
000010110
101110011
101011100
011011101
101010011
110010110
110010110
100011010
101010011
110010110
100011010
101010011
110010101
100011010
011011111
110100001
010100011
010000111
111001100
101010111
110010011
101110010
110110010
010110010
010110111
010001110
101110111
110110101
001010110
100010100
101011110
101110111
110110011
110110011
010110000
000010110
101110011
010110111
101011100
011011101
101010011
110010110
110010110
100011010
101010011
110010110
100011010
101010011
110010101
100011010
011011111
110100001
010100011
010000111
111101111
101001111
101010111
110010001
010001010
110010001
101110010
010001010
110010001
010110010
010001010
110010001
010001010
110010001
010110010
010001010
110010001
010001010
001010110
100010100
101011110
101110111
110110011
110110011
010110000
000010110
101110011
101011100
011011101
101010011
110010110
110010110
100011010
101010011
110010110
100011010
101010011
110010101
100011010
011011111
110100001
010100011
010000111
111011011