00000000
00001101  // 13
00101111  // 47
00011010  // 26
00000000
00000000
00000011
00000000
00000000
00000000
00000000
00000000
00000000
00000000
00000000
00000000
00000000
00000000
00000000
00000000
00000000
00000000
00000000
00000000
00000000
00000000
00000000
00000000
00000000
00000000
00000000
00000000
00011001
00011001
00011001
00011001
00011001
00011001
00011001
00011001
00011001
00011001
10111101
10111101
10111101
10111101
10111101
10111101
10111101
10111101
10111101
10111101
10111101
10111101
10111101
10111101
10111101
10111101
10111101
10111101
10111101
10111101
11100111
11100111
11100111
11100111
11100111
11100111
11100111
11100111
11100111
00000000
00000000
00000000
00000000
00000000
00000000
00000000
00000000
00000000
00000000
00000000
00000000
00000000
00000000
00000000
00000000
00000000
00000000
00000000
00000000
00000000
00000000
00000000
00000000
00000000
00000000
00000000
00000000
00000000
00000000
00000000
00000000
00000000
00000000
00000000
00000000
00000000
00000000
00000000
00000000
00000000
00000000
00000000
00000000
00000000
00000000
00000000
00000000
00000000
00000000
00000000
00000000
00000000
00000000
00000000
00000000
00000000
00100010  // 34
11110100  // -12
00010010  // 18
00111101  // 61
00000000  // 0
01100100  // 100
00110001  // 49
11001101  // -51
11101010  // -22
00000011  // 3
00101001  // 41
01011000  // 88
10011100  // -100
00001110  // 14
00100111  // 39
00001010  // 10
01011010  // 90
10100110  // -90
10110000  // -80
01001011  // 75
00000000
00000000
00000000
00000000
00000000
00000000
00000000
00000000
00000000
00000000
00000000
00000000
00000000
00000000
00000000
00000000
00000000
00000000
00000000
00000000
00000000
00000000
00000000
00000000
00000000
00000000
00000000
00000000
00000000
00000000
00000000
00000000
00000000
00000000
00000000
00000000
00000000
00000000
00000000
00000000
00000000
00000000
00000000
00000000
00000000
00000000
00000000
00000000
00000000
00000000
00000000
00000000
00000000
00000000
00000000
00000000
00000000
00000000
00000000
00000000
00000000
00000000
00000000
00000000
00000000
00000000
00000000
00000000
00000000
00000000
00000000
00000000
00000000
00000000
00000000
00000000
00000000
00000000
00000000
00000000
00000000
00000000
00000000
00000000
00000000
00000000
00000000
00000000
00000000
00000000
00000000
00000000
00000000
00000000
00000000
00000000
00000000
00000000
00000000
00000000
00000000
00000000
00000000
00000000
00000000
00000000
00000000
00000000
